run                         steps      t_end     dmort1     dmort2     dstor1      doff1   dheight1  soil1_min
ev_sld_1e-4                   373     3.7037  +1.82e-03  +1.92e-03  -1.09e-02  -5.29e-04  -2.72e-05  -2.30e-03
ev_sld_1e-6                   509     3.7037  +4.88e-04  +5.17e-04  -3.01e-03  -4.32e-04  -2.21e-05  -6.02e-04
evc_sld_1e-6_h2               835     3.7037  +1.26e-04  +1.32e-04  -7.99e-04  -2.07e-04  -1.06e-05  -1.50e-04
evc_sld_1e-6_h1              1376     3.7037  +5.55e-05  +5.60e-05  -3.58e-04  -1.16e-04  -5.95e-06  -6.89e-05
evc_sld_1e-6_h0.5            2720     3.7037  +2.64e-05  +2.86e-05  -1.70e-04  -5.47e-05  -2.82e-06  -3.61e-05
evc_sld_1e-6_h0.25           5421     3.7037  +1.27e-05  +1.28e-05  -8.18e-05  -2.54e-05  -1.32e-06  -2.04e-05
ev_exactx_1e-6_hInf           505     3.7037  +1.51e-04  +1.60e-04  -9.41e-04  -1.28e-04  -6.59e-06  -1.75e-04
ev_exactx_1e-6_h1            1400     3.7037  +2.64e-06  +1.49e-06  -2.25e-05  -2.48e-05  -1.29e-06  -4.81e-06
ev_exactx_1e-6_h0.25         5563     3.7037  -1.05e-06  -1.75e-06  +5.60e-06  -2.33e-06  -1.46e-07  -5.12e-06
ev_pc1d_1e-6_hInf             509     3.7037  +1.10e-04  +1.16e-04  -6.45e-04  +5.31e-05  +2.67e-06  -1.42e-04
evc_pc1d_1e-6_h1             1375     3.7037  -5.14e-06  -6.83e-06  +2.72e-05  -1.94e-05  -1.01e-06  -4.16e-06
evc_pc1d_1e-6_h0.25          5421     3.7037  -1.92e-06  -2.69e-06  +1.11e-05  -2.12e-06  -1.35e-07  -5.10e-06
ev_rec_1e-4                   373     3.7037  -3.29e-06  +2.72e-05  +2.38e-05  +1.29e-04  +6.79e-06  -2.99e-06
ev_rec_1e-6                   510     3.7037  -5.43e-06  -6.69e-06  +5.07e-05  +2.83e-05  +1.41e-06  -4.09e-06
ev_recsoil_1e-4               373     3.7037  -1.19e-05  +1.80e-05  +9.55e-05  +1.33e-04  +6.96e-06  -4.90e-07
ev_recsoil_1e-6               508     3.7037  -1.69e-07  -1.17e-06  +7.20e-06  +2.68e-05  +1.33e-06  -5.09e-06
ev_rec_late6_1e-6             667     3.7037  +7.47e-05  +7.59e-05  -9.52e-04  -2.01e-03  -1.02e-04  -7.59e-06
ev_fix_sld_1e-4               429     3.7037  +2.72e-04  +3.08e-04  -1.66e-03  -2.40e-04  -1.23e-05  -2.86e-04
ev_fix_sld_1e-5               692     3.7037  +6.43e-05  +7.01e-05  -4.05e-04  -1.15e-04  -5.91e-06  -7.75e-05
ev_fix_sld_1e-6              1613     3.7037  +1.53e-05  +1.71e-05  -1.01e-04  -4.59e-05  -2.37e-06  -2.56e-05
