run                            J-J*   steps leaf/mono | output vs mono 3e-5: n1 n2 n3-6
mono_3e-5                 -1.26e-05   17684     1.000 | +0.00e+00 +0.00e+00 +0.00e+00
mono_1e-4                 +3.66e-05   14845     0.842 | -2.47e-05 +1.75e-04 -3.12e-05
mono_1e-3                 -3.97e-04   11001     0.618 | -4.11e-04 -4.33e-04 -5.11e-04
stagelind_1e-4_s3e-5      +5.60e-04    5294     0.300 | -9.95e-04 -2.26e-04 +2.30e-03
stagelind_3e-5_s3e-5      +1.13e-04    6137     0.358 | -8.28e-04 -4.12e-04 +1.22e-03
stagelind_1e-5_s3e-5      -2.45e-04    7148     0.423 | -1.18e-03 -6.83e-04 +9.14e-04
stagelind_3e-6_s3e-5      -3.40e-04    8711     0.526 | -8.70e-04 -5.87e-04 +3.35e-04
stagelind_1e-6_s3e-5      -4.92e-04   10750     0.671 | -8.54e-04 -6.43e-04 +1.36e-05
full_sld_1e-6_r2          -4.92e-04   10750     0.671 | -8.54e-04 -6.43e-04 +1.36e-05
fullc_sld_1e-6_h1         -8.82e-05   18497     0.998 | -1.01e-04 -8.42e-05 -4.20e-05
fullc_sld_1e-6_h0.5       -3.90e-05   31899     1.588 | -3.81e-05 -3.18e-05 -1.16e-05
pc1d_3e-5_s3e-5           -4.44e-05    6121     0.655 | -1.64e-04 -1.69e-04 +1.02e-04
pc1d_1e-5_s3e-5           -1.40e-04    7142     0.775 | -2.44e-04 -2.15e-04 -2.11e-05
fullc_pc1d_1e-6_h1        +5.10e-07   18477     1.818 | +5.82e-05 +4.00e-05 -3.19e-05
exactx_3e-5_s3e-5         -3.00e-04    6133     0.359 | -4.91e-04 -3.57e-04 -1.16e-04
exactx_1e-5_s3e-5         -2.21e-04    7163     0.423 | -3.76e-04 -3.08e-04 -9.39e-06
full_rec_1e-4             +6.41e-05    5304     0.299 | +1.97e-04 +5.42e-05 +2.75e-05
full_rec_3e-5             -8.00e-05    6142     0.358 | -7.84e-05 -4.67e-05 -9.53e-05
full_rec_1e-5             -1.60e-04    7162     0.424 | -1.45e-04 -1.61e-04 -1.56e-04
full_rec_1e-6             -6.75e-05   10710     0.669 | -4.83e-05 -4.32e-05 -7.04e-05
full_recsoil_1e-5         +1.82e-05    7170     0.425 | +5.41e-05 +4.73e-05 +8.35e-06
full_rec_1e-5_s1e-6       -1.29e-05    7170     0.424 | +2.32e-05 +2.82e-05 -2.23e-05
fix_sld_1e-4              -2.94e-04    7201     0.388 | -4.74e-04 -3.12e-04 -1.12e-04
fix_sld_3e-5              -1.97e-04   10036     0.535 | -2.77e-04 -1.60e-04 -1.50e-04
fix_sld_1e-5              -1.22e-04   14454     0.766 | -1.48e-04 -1.28e-04 -6.38e-05
fix_sld_1e-6_r2           -3.99e-05   35566     1.852 | -3.25e-05 -3.09e-05 -1.70e-05
lock_true_mono3e-5        -1.26e-05   17684     0.818 | +0.00e+00 +0.00e+00 +0.00e+00
lock_helddef_mono3e-5     +7.28e-03   17684     0.818 | +5.32e-03 +6.01e-03 +9.34e-03
lock_true_ref1e-7         -4.53e-08   34301     1.602 | +1.82e-05 +1.54e-05 +1.31e-05
lock_helddef_ref1e-7      +2.29e-03   34301     1.602 | +1.68e-03 +1.88e-03 +3.01e-03
run                            J-J*   steps leaf/mono | output vs mono 3e-5: n1 n2 n3-6
fix_sld_1e-6_r2           -3.99e-05   35566     1.852 | -3.25e-05 -3.09e-05 -1.70e-05
fix_sld_1e-6_s1e-6        -3.99e-05   35537     1.850 | -3.34e-05 -3.00e-05 -1.70e-05
