3059 common times
      t   n1_mort   n2_mort   n3_mort   n4_mort    n1_off    n2_off    n3_off   n1_stor   n3_stor      n1_h      n3_h    soil_1    soil_3    soil_5
  0.501  2.52e-09  1.12e-09        NA        NA  1.10e-05 -6.69e-07        NA  8.82e-06        NA  2.09e-06        NA -2.40e-07 -7.30e-08 -7.62e-08
  0.967  2.97e-09  2.00e-09 -7.97e-10        NA  1.12e-05 -1.63e-07 -6.01e-07  7.32e-06 -3.29e-07  1.75e-06 -1.06e-07 -1.00e-07 -5.06e-08 -4.64e-08
  2.000  3.83e-09  2.17e-09 -1.67e-10  1.01e-09  1.12e-05 -1.80e-07 -1.61e-07  4.26e-06 -1.30e-07  1.02e-06 -3.06e-08 -7.95e-06  7.95e-07  2.84e-07
  3.010  4.24e-09  2.08e-09 -2.33e-10  8.96e-10  1.45e-05  2.84e-06  2.72e-06  3.63e-06  8.84e-07  8.65e-07  2.14e-07 -2.63e-05 -2.11e-06 -6.10e-07
  4.000  5.23e-04  5.40e-04  5.78e-04  5.98e-04 -7.15e-04 -7.11e-04 -6.93e-04 -6.84e-05 -7.10e-05 -1.78e-05 -1.90e-05  2.27e-08  6.83e-07  1.79e-08
  5.000  5.42e-04  5.60e-04  6.00e-04  6.22e-04 -1.23e-03 -9.72e-04 -5.77e-04 -1.17e-04  2.00e-05 -2.69e-05  9.27e-07 -2.08e-05  1.04e-05  6.09e-06
  5.990  5.12e-04  5.22e-04  5.32e-04  5.13e-04 -6.23e-04 -1.76e-05  9.70e-04 -2.17e-05  3.75e-04 -3.39e-06  6.78e-05  9.41e-06  1.29e-05  6.19e-06
  6.990  3.55e-04  3.28e-04  2.46e-04  1.34e-04 -2.26e-04  7.13e-04  2.21e-03  4.26e-05  4.70e-04  8.21e-06  1.12e-04 -7.97e-06 -6.18e-06  4.23e-06
  7.410  3.16e-04  2.82e-04  1.88e-04  6.31e-05  5.98e-04  1.56e-03  3.06e-03  2.01e-03  2.77e-03  3.15e-05  1.36e-04  3.33e-06  3.75e-05  1.11e-05
  7.990 -2.47e-04 -2.85e-04 -3.86e-04 -5.03e-04  6.89e-04  1.66e-03  3.16e-03  1.14e-04  5.10e-04  3.00e-05  1.29e-04 -2.41e-06 -1.42e-06 -1.33e-05
  8.500 -2.47e-04 -2.85e-04 -3.86e-04 -5.02e-04  6.96e-04  1.65e-03  3.16e-03  4.45e-05  3.95e-04  1.31e-05  9.52e-05 -6.37e-04 -1.51e-05 -5.69e-06
  8.980  4.79e-04  3.99e-04  2.34e-04  5.27e-05 -8.23e-04  9.79e-06  1.42e-03 -2.07e-04  8.90e-05 -2.40e-05  3.99e-05 -1.43e-08  1.02e-06  3.33e-07
  9.440  4.79e-04  4.00e-04  2.34e-04  5.29e-05 -1.30e-03 -4.27e-04  1.03e-03 -9.91e-05  1.54e-04 -2.20e-05  3.75e-05 -2.64e-05  4.57e-07  5.58e-07
 10.000  5.50e-04  4.72e-04  3.05e-04  1.26e-04 -1.67e-03 -7.98e-04  6.50e-04 -6.10e-04 -3.45e-04 -2.96e-05  2.54e-05  2.39e-06  6.03e-06  9.15e-07
 10.400  5.65e-04  4.86e-04  3.17e-04  1.37e-04 -1.76e-03 -9.03e-04  5.38e-04 -4.17e-04 -2.04e-04 -2.89e-05  2.32e-05 -4.38e-06  7.74e-06 -2.37e-06
 11.000  5.51e-04  4.71e-04  2.97e-04  1.13e-04 -1.65e-03 -7.87e-04  6.52e-04 -9.15e-05  1.12e-04 -2.50e-05  2.57e-05 -1.02e-06 -3.09e-09 -1.49e-08
 12.000  6.07e-04  5.23e-04  3.47e-04  1.61e-04 -1.77e-03 -9.22e-04  5.41e-04 -1.15e-04  8.43e-05 -2.53e-05  2.12e-05 -2.33e-05  3.49e-06  2.28e-06
 14.000  7.50e-04  6.60e-04  4.81e-04  2.89e-04 -1.21e-03 -5.59e-04  8.96e-04  1.60e-05  1.66e-04 -8.08e-06  2.94e-05 -5.46e-05  5.08e-06  3.34e-06
 16.000  8.74e-04  7.89e-04  6.15e-04  4.29e-04 -9.01e-04 -5.43e-04  7.72e-04  3.76e-05  1.44e-04 -4.28e-07  2.63e-05 -2.29e-07  5.61e-05  2.07e-06
 18.000  8.71e-04  7.87e-04  6.10e-04  4.23e-04 -8.59e-04 -6.08e-04  2.40e-05  4.30e-05  7.85e-05  5.92e-07  1.03e-05 -1.73e-06  3.01e-07 -2.36e-06
 19.000  1.05e-03  9.67e-04  7.88e-04  5.97e-04 -8.60e-04 -6.25e-04 -7.50e-05  5.56e-06  3.15e-05  5.74e-07  7.13e-06 -4.04e-06  2.65e-06  1.54e-06
 20.000  1.01e-03  9.25e-04  7.47e-04  5.54e-04 -8.61e-04 -6.33e-04 -1.17e-04  4.05e-05  5.98e-05  9.81e-07  6.16e-06  1.60e-06  8.94e-05  1.04e-05
 21.000  9.51e-04  8.70e-04  6.92e-04  4.98e-04 -8.64e-04 -6.41e-04 -1.47e-04  5.39e-06  1.94e-05  8.38e-07  4.97e-06 -8.69e-07 -1.35e-07 -1.43e-05
 22.000  1.24e-03  1.16e-03  9.85e-04  7.90e-04 -8.66e-04 -6.46e-04 -1.64e-04 -1.89e-05 -6.72e-06  4.94e-07  3.68e-06  3.62e-06  4.09e-06  1.47e-06
 23.000  1.26e-03  1.18e-03  9.98e-04  8.03e-04 -8.69e-04 -6.52e-04 -1.81e-04 -4.95e-05 -3.85e-05  4.01e-07  2.91e-06  2.63e-05  4.09e-06  3.29e-06
 25.000  1.28e-03  1.19e-03  1.02e-03  8.23e-04 -8.71e-04 -6.57e-04 -1.95e-04  4.69e-06  1.19e-05  4.77e-07  2.42e-06 -6.80e-06  8.85e-08  8.25e-07
 28.000  1.27e-03  1.19e-03  1.01e-03  8.15e-04 -8.72e-04 -6.58e-04 -2.00e-04 -2.65e-04 -2.61e-04  3.12e-07  1.69e-06 -1.31e-06 -1.14e-07 -9.45e-08
 31.000  1.43e-03  1.36e-03  1.18e-03  9.82e-04 -8.72e-04 -6.59e-04 -2.01e-04 -6.46e-05 -6.04e-05  1.87e-07  1.22e-06 -7.74e-05  1.26e-06  1.95e-06
 32.000  1.70e-03  1.63e-03  1.45e-03  1.25e-03 -8.72e-04 -6.59e-04 -2.01e-04  7.37e-06  1.08e-05  1.75e-07  1.13e-06 -1.69e-06  2.77e-06  3.50e-06
 33.000  1.54e-03  1.46e-03  1.28e-03  1.08e-03 -8.72e-04 -6.59e-04 -2.01e-04  5.53e-05  5.83e-05  2.93e-07  1.21e-06  5.50e-06  8.03e-07  2.48e-06
 34.000  1.51e-03  1.44e-03  1.26e-03  1.06e-03 -8.72e-04 -6.59e-04 -2.01e-04  7.31e-05  7.57e-05  4.47e-07  1.32e-06 -1.61e-06  7.48e-09 -2.10e-07
 35.000  1.70e-03  1.62e-03  1.44e-03  1.25e-03 -8.72e-04 -6.59e-04 -2.01e-04  3.62e-05  3.89e-05  4.37e-07  1.27e-06 -5.00e-07  1.23e-07  4.55e-08
 37.000  1.92e-03  1.84e-03  1.66e-03  1.47e-03 -8.72e-04 -6.59e-04 -2.01e-04  6.85e-06  9.76e-06  4.50e-07  1.19e-06 -2.42e-06  7.95e-08  1.30e-06
 39.600  1.75e-03  1.67e-03  1.49e-03  1.30e-03 -8.72e-04 -6.59e-04 -2.01e-04 -1.61e-04 -1.58e-04  2.93e-07  9.23e-07 -2.72e-06  3.09e-05 -4.92e-07
