reference check, pi 1e-10 against odelia 1e-10: long drought at the knots max 5.7e-11; constant end 1.4e-11, at the OBS times max 1.9e-10

== odelia
tol     steps   rej |   ld med  med/tol   ld max max/tol  slope |   ld end |  c st c rj    c end  c early   c late
0.001   10779  2138 |  1.1e-05    0.011   0.0088   8.76        |  1.1e-05 |  4878  813  0.00039  0.00043    0.001
0.0003  12217  2324 |  5.1e-06    0.017   0.0039  13.09   0.66 |  6.6e-06 |  4886  431   0.0002  6.1e-05  0.00011
0.0001  13995  2606 |  2.1e-06    0.021   0.0004   3.95   0.78 |  2.2e-06 |  4881 1045  1.4e-05  5.7e-05  8.1e-05
3e-05   16447  2925 |  7.9e-07    0.026  9.7e-05   3.23   0.83 |  7.5e-07 |  4886 1009  3.3e-05  1.3e-05    3e-05
1e-05   19287  3406 |  2.7e-07    0.027  2.2e-05   2.24   0.99 |  2.8e-07 |  4892  996  1.6e-06  4.5e-06  4.1e-06
3e-06   23114  3844 |  8.5e-08    0.028  1.3e-05   4.19   0.95 |  5.5e-08 |  4896  988  5.7e-07  5.6e-07  1.6e-06
1e-06   27374  4346 |    3e-08    0.030  1.1e-06   1.12   0.94 |  1.9e-08 |  4908  989  6.3e-08  1.2e-07  7.6e-07
3e-07   33187  4894 |  1.1e-08    0.036  3.6e-07   1.21   0.86 |  6.3e-09 |  4919  998  7.4e-08  2.6e-07  1.6e-07
1e-07   39802  5441 |  4.3e-09    0.043    1e-07   1.02   0.85 |  2.9e-09 |  4931  997  3.8e-08  6.7e-08  1.6e-07

== pi
tol     steps   rej |   ld med  med/tol   ld max max/tol  slope |   ld end |  c st c rj    c end  c early   c late
0.001   11275  1587 |  9.1e-06    0.009   0.0049   4.85        |  1.3e-05 |  4887    5  0.00018   0.0015   0.0002
0.0003  12918  1839 |  3.9e-06    0.013   0.0015   5.04   0.70 |  6.3e-06 |  4890    5  6.2e-05    8e-05  4.8e-05
0.0001  14822  1960 |  1.7e-06    0.017  0.00024   2.44   0.77 |  1.2e-06 |  4892    7  9.7e-06  4.9e-05  2.6e-05
3e-05   17500  1910 |  5.5e-07    0.018  5.6e-05   1.85   0.93 |    4e-07 |  4898    6  1.3e-05    8e-06  5.2e-06
1e-05   20508  2347 |  1.9e-07    0.019  2.2e-05   2.24   0.96 |  2.1e-07 |  4903    9    2e-06  5.2e-06  2.7e-06
3e-06   24574  2310 |  6.3e-08    0.021  1.3e-05   4.19   0.92 |  5.8e-08 |  4911    6  4.8e-07  1.7e-06  9.8e-07
1e-06   29005  2574 |  2.2e-08    0.022  1.2e-06   1.22   0.94 |    2e-08 |  4920    6  3.2e-07  3.2e-07  1.8e-07
3e-07   35163  2657 |  7.9e-09    0.026  2.8e-07   0.92   0.86 |  5.8e-09 |  4931    6  2.9e-08  1.8e-07  5.3e-08
1e-07   42142  2735 |  3.1e-09    0.031  9.8e-08   0.98   0.85 |  2.4e-09 |  4945    8  1.1e-08  5.2e-08    3e-08
