             run control      tol accepted rejected thrown on_knots elsewhere
       base_3e-5  odelia 3.00e-05    17684     3912      4     1238      2674
    base_2.85e-5  odelia 2.85e-05    17865     3946      4     1241      2705
    base_3.15e-5  odelia 3.15e-05    17553     3897      4     1225      2672
         pi_3e-5      pi 3.00e-05    18815     2905      4     1123      1782
       pics_1e-4      pi 1.00e-04    15846     1663     16      159      1504
       pics_3e-5      pi 3.00e-05    18964     1936      8      190      1746
       pics_1e-5      pi 1.00e-05    22562     2451      8      213      2238
    pics_2.85e-5      pi 2.85e-05    19119     1986      8      192      1794
    pics_3.15e-5      pi 3.15e-05    18845     1921      8      192      1729
       g3cs_1e-4      pi 1.00e-04    17969     1117     10      159       958
       g3cs_3e-5      pi 3.00e-05    21411     1414      8      190      1224
       g3cs_1e-5      pi 1.00e-05    25314     1766      8      213      1553
 const_base_3e-5  odelia 3.00e-05     3951      739      0        0       739
   const_pi_3e-5      pi 3.00e-05     3974      229      0        0       229
   const_g3_3e-5      pi 3.00e-05     3987       83      0        0        83
 members       err             J
 7063344 -1.26e-05  12.668554505
 7124958 -3.64e-06  12.668667340
 7016586 +1.06e-05  12.668847922
 7102806  -2.3e-06  12.668684322
 5731916 -4.42e-05  12.668153581
 6842048 +8.16e-06  12.668816885
 8188208 -4.24e-06  12.668659763
 6908072 +6.19e-06  12.668791887
 6802076 -3.42e-07  12.668709161
 6243092 +3.07e-05  12.669102403
 7484660 -1.18e-06  12.668698549
 8877320 -8.72e-06  12.668603028
 3757713  +6.1e-09 289.273897963
 3358833 +2.06e-08 289.273902155
 3252855 -5.67e-09 289.273894559
