day index i, rain[i+1], interpolant at i/365, at (i+0.5)/365:
       i value at_knot mid_after
 [1,] 30 17.42   17.42  27.60438
 [2,] 31 33.59   33.59  16.79500
 [3,] 32  0.00    0.00   0.00000
 [4,] 33  0.00    0.00   0.00000
 [5,] 34  0.00    0.00   0.00000
 [6,] 35  0.00    0.00   0.00000
 [7,] 36  0.00    0.00   0.00000
 [8,] 37  0.00    0.00   0.00000
 [9,] 38  0.00    0.00   0.00000
[10,] 39  0.00    0.00   0.00000
[11,] 40  0.00    0.00  15.80500
[12,] 41 31.61   31.61  15.80500
[13,] 42  0.00    0.00   0.00000
[14,] 43  0.00    0.00   0.00000
[15,] 44  0.00    0.00   0.00000
[16,] 45  0.00    0.00   0.00000

knots by the daily-value change (rows) and the interpolant over the day after (columns):
        after
daily    falls flat rises starts stops
  falls     43    0    84    730   161
  rises     76    1    40      0   168
  starts   167    1   161      0   485
  stops      0  730     0     84     0
