
== pics_3e-5: 793; chain alone over coupled < 0.5: 1, > 2: 17
    t0      h  since n_since change ratio chain layer chain_layer theta1 theta2
  3.03 0.2049 0.5897       4  falls  1.76 3.826     2           3  0.380  0.379
  5.21 0.1177 0.8347       9  rises  2.82 6.381     4           3  0.393  0.392
 12.06 0.0941 0.4841       5  falls  1.19 3.614     2           2  0.398  0.396
 12.13 0.1374 0.2617       2  rises  1.50 3.343     4           3  0.388  0.386
 12.14 0.1212 0.4858       4  rises  1.19 3.256     5           3  0.391  0.390
 14.08 0.2159 0.5620       4  rises  2.13 4.902     4           3  0.377  0.375
 15.90 0.1793 0.5574       3  rises  1.23 6.299     2           3  0.382  0.381
 17.17 0.1992 0.5617       3  rises  2.67 9.155     2           2  0.379  0.375
 18.15 0.2545 0.5195       2  rises  2.46 6.289     2           2  0.370  0.365
 23.99 0.1305 0.6079       6 starts  1.49 4.349     5           3  0.391  0.391
 25.94 0.1609 0.5577       4  falls  2.04 4.831     2           2  0.382  0.379
 26.28 0.2281 0.5166       3  rises  1.55 4.221     4           3  0.374  0.373
 30.03 0.1461 0.4331       3  rises  1.40 4.064     2           2  0.388  0.387
 30.17 0.2592 0.4245       2  rises  1.79 4.494     2           2  0.371  0.365
 31.06 0.4724 0.4077       1  rises  1.18 3.189     2           2  0.350  0.328
 32.10 0.1757 0.5748       3  rises  1.46 4.306     2           3  0.383  0.381
 34.07 0.1314 0.4248       3  rises  1.11 2.764     2           2  0.385  0.382
 37.08 0.0896 0.0947       1  falls  1.27 0.523     2           1  0.395  0.395
 theta3 rain_t0 rain_t1 crossed
  0.377    42.1    47.5       0
  0.378    84.2    85.8       0
  0.394   118.3   135.6       0
  0.381    64.5    73.3       0
  0.388    78.8    86.0       0
  0.366    35.2    38.2       0
  0.379    47.8    52.0       0
  0.372    40.8    47.6       0
  0.357    26.7    31.4       0
  0.390    73.8    74.3       0
  0.376    50.3    59.8       0
  0.357    28.0    27.9       0
  0.385    67.3    75.9       0
  0.351    28.0    33.7       0
  0.309    11.2    14.1       0
  0.379    48.7    53.7       0
  0.378    60.3    75.4       0
  0.395    97.2   108.2       0
in 'rises', chain alone over coupled: 0.889 / 1.7 / 2.81 
rain across the attempt (interpolant), rising / falling / flat zero / starting / stopping:
         
trend     falls rises starts stops
  falling     1     7     22     0
  rising    526    30    153    54

== pi_3e-5: 809; chain alone over coupled < 0.5: 1, > 2: 21
    t0      h  since n_since change ratio chain layer chain_layer theta1 theta2
  3.03 0.2078 0.5974       4  falls  2.04 4.309     2           3  0.380  0.379
  5.21 0.1180 0.8279       9  rises  2.70 6.315     4           3  0.393  0.392
 12.06 0.0951 0.4777       5  falls  1.20 3.685     2           2  0.397  0.396
 12.13 0.1344 0.2501       2  rises  1.31 2.793     4           3  0.387  0.386
 12.14 0.1216 0.4721       4  rises  1.20 3.193     5           3  0.391  0.390
 14.08 0.2221 0.5686       4  rises  2.62 5.919     4           3  0.377  0.375
 15.90 0.1788 0.5668       3  rises  1.26 6.364     2           3  0.383  0.381
 17.17 0.1808 0.6213       3  rises  1.91 6.347     2           2  0.380  0.377
 18.08 0.2409 0.1614       1  falls  1.31 4.254     3           3  0.372  0.374
 18.15 0.2520 0.5382       2  rises  2.49 6.330     2           2  0.370  0.365
 22.02 0.1116 0.1024       1  falls  1.17 2.783     2           3  0.395  0.396
 23.99 0.1305 0.6060       6 starts  1.49 4.354     5           3  0.391  0.391
 24.43 0.1400 0.7325       8  rises  3.92 7.870     4           3  0.390  0.390
 25.94 0.1473 0.6050       4  falls  1.55 3.583     2           2  0.384  0.381
 26.28 0.2263 0.5712       3  rises  1.81 4.343     4           3  0.373  0.373
 28.95 0.0914 0.3456       4  rises  1.42 2.915     5           2  0.399  0.397
 30.03 0.1456 0.4357       3  rises  1.40 4.034     2           2  0.389  0.387
 30.17 0.2594 0.4300       2  rises  1.86 4.631     2           2  0.371  0.365
 31.06 0.4523 0.4962       1  rises  1.67 3.744     2           2  0.352  0.331
 32.10 0.1750 0.5726       3  rises  1.41 4.174     2           3  0.383  0.381
 34.07 0.1186 0.5268       4  rises  1.45 3.176     2           2  0.389  0.386
 37.08 0.0882 0.0962       1  falls  1.16 0.478     2           1  0.395  0.395
 theta3 rain_t0 rain_t1 crossed
  0.377    42.4    47.7       0
  0.376    84.1    85.8       0
  0.394   117.1   134.6       0
  0.380    63.8    72.4       0
  0.388    78.0    85.2       0
  0.367    35.3    38.3       0
  0.379    48.0    52.2       0
  0.374    43.0    48.6       0
  0.376    22.0    13.3       0
  0.358    27.1    31.6       0
  0.396    90.2    77.0       0
  0.390    73.8    74.3       0
  0.369    71.1    69.5       0
  0.377    53.2    61.5       0
  0.361    28.0    27.8       0
  0.396   125.2   140.0       0
  0.385    67.4    76.0       0
  0.352    28.1    33.8       0
  0.310    11.9    14.3       0
  0.379    48.6    53.7       0
  0.382    72.0    85.2       0
  0.395    97.4   108.2       0
in 'rises', chain alone over coupled: 0.999 / 1.68 / 2.78 
rain across the attempt (interpolant), rising / falling / flat zero / starting / stopping:
         
trend     falls rises starts stops
  falling     2     7     31     0
  rising    528    29    156    56

== base_3e-5: 1241; chain alone over coupled < 0.5: 2, > 2: 45
    t0      h  since n_since change ratio chain layer chain_layer theta1 theta2
  4.95 0.1274 0.2107       2 starts  1.72  5.14     1           2  0.389  0.382
  4.95 0.1053 0.3136       3 starts  1.30  3.77     1           2  0.393  0.389
  4.95 0.0898 0.4933       5 starts  1.20  4.08     2           2  0.398  0.396
  4.98 0.1617 0.1617       1  rises  2.35  5.84     2           3  0.384  0.384
 11.96 0.2173 0.1731       1  falls  1.32  3.79     3           3  0.376  0.378
 12.06 0.1119 0.3896       4  falls  1.22  5.21     2           2  0.395  0.393
 12.06 0.0979 0.4865       5  falls  1.46  4.56     2           2  0.398  0.396
 12.13 0.1529 0.1529       1  rises  1.28  3.15     4           3  0.386  0.383
 12.14 0.1311 0.2840       2  rises  1.10  2.79     4           3  0.388  0.386
 12.14 0.1181 0.7516       6  rises  1.23  5.22     2           3  0.394  0.394
 12.14 0.1020 0.1020       1  rises  1.37  3.08     2           2  0.395  0.395
 14.08 0.2081 0.6401       4  rises  2.22  4.84     4           3  0.378  0.376
 15.90 0.2190 0.3677       2  rises  1.25 11.98     2           3  0.380  0.378
 15.90 0.1907 0.5563       3  rises  1.68  8.98     2           3  0.382  0.381
 16.04 0.1239 0.1239       1  rises  1.14  2.67     2           3  0.388  0.388
 17.17 0.2034 0.5656       3  rises  3.09 10.62     2           3  0.379  0.376
 18.08 0.2676 0.1802       1  falls  2.18  6.89     3           3  0.371  0.374
 18.15 0.2782 0.5404       2  rises  4.61 11.74     2           2  0.370  0.365
 22.81 0.0943 0.0943       1  rises  1.34  3.30     2           2  0.399  0.399
 23.05 0.1357 0.1357       1  rises  2.30  4.78     2           3  0.389  0.389
 23.99 0.1304 0.1304       1  rises  2.32  5.70     2           3  0.391  0.391
 24.03 0.1150 0.1150       1  falls  1.28  4.19     2           3  0.393  0.394
 25.02 0.2546 0.2347       1  falls  1.23  3.07     2           3  0.368  0.369
 25.04 0.1153 0.8817       9 starts  1.19  3.90     5           3  0.395  0.394
 25.08 0.2269 0.5983       3  rises  1.80  8.48     2           3  0.377  0.375
 25.94 0.1541 0.6205       4  falls  2.19  5.04     2           2  0.384  0.381
 26.28 0.2533 0.5487       3  rises  3.12  7.97     4           3  0.374  0.373
 26.28 0.2076 0.1815       1  falls  1.34  2.92     2           3  0.372  0.373
 27.00 0.1712 0.1310       1  falls  2.08  5.05     2           3  0.385  0.387
 28.05 0.2588 0.3871       2  rises  1.23 12.40     2           3  0.376  0.375
 28.05 0.2236 0.6106       3  rises  1.23  7.83     2           3  0.378  0.377
 28.93 0.1763 0.1603       1  falls  1.78  4.98     2           3  0.383  0.385
 28.98 0.1180 0.4557       4 starts  1.14  2.44     1           2  0.391  0.386
 29.01 0.1193 0.1079       1  falls  1.52  4.62     2           3  0.394  0.395
 30.03 0.1216 0.8116       6  rises  1.28  3.46     2           3  0.393  0.393
 30.17 0.2730 0.4489       2  rises  2.88  6.94     2           2  0.372  0.366
 30.17 0.2075 0.6477       3  rises  1.25  2.67     2           2  0.375  0.372
 31.06 0.4740 0.4236       1  rises  1.36  3.53     2           2  0.351  0.328
 32.10 0.2134 0.4226       2  rises  1.80  8.08     2           3  0.380  0.378
 32.10 0.1750 0.5933       3  rises  1.48  4.36     2           3  0.383  0.381
 theta3 rain_t0 rain_t1 crossed
  0.369    73.5    95.3       0
  0.380    91.0   110.0       0
  0.393   123.5   139.1       0
  0.384    47.2    38.3       0
  0.380    26.9    16.9       0
  0.391   101.1   121.5       0
  0.394   118.7   136.7       0
  0.373    57.9    67.3       0
  0.382    65.9    74.4       0
  0.393    92.9    96.8       0
  0.395    95.5    87.8       0
  0.370    36.4    38.8       0
  0.376    42.2    48.5       0
  0.379    47.7    52.2       0
  0.387    60.8    53.7       0
  0.372    40.9    47.8       0
  0.376    21.3    11.7       0
  0.358    27.2    32.0       0
  0.399   118.7   112.4       0
  0.389    64.9    55.9       0
  0.391    71.0    61.9       0
  0.395    82.6    70.9       0
  0.369    19.7    14.6       0
  0.394    94.0    98.9       0
  0.372    35.9    38.8       0
  0.378    54.2    62.5       0
  0.359    28.0    27.8       0
  0.373    25.0    18.1       0
  0.388    49.4    36.6       0
  0.373    33.6    37.1       0
  0.375    36.6    38.7       0
  0.386    42.8    31.1       0
  0.357    78.1    90.0       0
  0.396    85.9    72.4       0
  0.392    86.3    89.0       0
  0.353    28.6    34.3       0
  0.363    33.0    36.1       0
  0.309    11.3    14.2       0
  0.376    43.4    50.6       0
  0.379    49.3    54.1       0
in 'rises', chain alone over coupled: 0.951 / 1.56 / 2.79 
rain across the attempt (interpolant), rising / falling / flat zero / starting / stopping:
         
trend     falls rises starts stops
  falling    18    38    101     0
  rising    722    51    224    87
