 t0      h since n_since try   rej  ratio layer  chain chain_layer x_soil
 21 0.3414 0.000       0   1 FALSE 0.2229     1 0.2311           1 0.0142
 21 0.3325 0.341       1   1  TRUE 3.3554     1 3.4533           1 0.0272
 21 0.2349 0.341       1   2 FALSE 0.3498     1 0.3604           1 0.0192
 21 0.2380 0.576       2   1 FALSE 0.8864     1 0.9727           1 0.0941
 21 0.1857 0.814       3   1  TRUE 6.9968     1 7.2645           1 0.3526
 21 0.1132 0.814       3   2 FALSE 0.4886     1 0.5086           1 0.2150
 21 0.0724 0.928       4   1 FALSE 0.0502     1 0.0534           1 0.1985
 theta1 theta2 theta3 rain_t0 rain_t1
  0.283  0.277  0.279     0.0    10.8
  0.293  0.277  0.279    10.8    29.9
  0.293  0.277  0.279    10.8    24.5
  0.325  0.279  0.279    24.5    36.3
  0.365  0.292  0.279    36.3    39.9
  0.365  0.292  0.279    36.3    39.3
  0.375  0.308  0.280    39.3    39.9
