
== pics_3e-5: 14 of 793 with the chain alone <= 1.1
   t0      h  since n_since  after ratio chain layer chain_layer theta1 theta2
 12.0 0.2956 0.6007       2  rises  1.46 0.851     2           2  0.359  0.358
 12.1 0.1839 0.4392       2 starts  1.11 1.040     1           1  0.311  0.289
 13.7 0.0758 0.4316       7  falls  1.13 1.036     5           5  0.398  0.399
 17.2 0.2074 0.2051       1  rises  1.18 1.053     2           3  0.370  0.368
 22.0 0.1139 0.5378       5  rises  1.12 0.857     3           1  0.389  0.380
 23.1 0.2411 0.5322       2 starts  1.11 1.082     1           1  0.303  0.287
 28.0 0.2183 0.4459       2 starts  1.11 1.093     1           1  0.315  0.304
 28.8 0.1395 0.5180       6  falls  1.78 1.044     3           3  0.387  0.365
 29.0 0.1189 0.8673       6  rises  1.15 1.065     3           1  0.388  0.380
 33.0 0.1510 0.5579       4  falls  1.10 0.933     5           5  0.380  0.381
 35.1 0.1386 0.5816       5  rises  1.14 0.848     3           1  0.384  0.373
 36.8 0.1278 0.7731       8  falls  1.15 1.045     5           5  0.382  0.384
 36.9 0.2377 0.5055       2 starts  1.11 1.068     1           1  0.329  0.322
 37.1 0.0896 0.0947       1  rises  1.27 0.523     2           1  0.395  0.395
 x_soil crossed
 0.3637       0
 0.0559       0
 0.6217       0
 0.4409       0
 0.5947       0
 0.0455       0
 0.0585       0
 0.6287       0
 0.5873       0
 0.4878       0
 0.5536       0
 0.4506       0
 0.1131       0
 0.6271       0

== pi_3e-5: 7 of 809 with the chain alone <= 1.1
   t0      h  since n_since after ratio chain layer chain_layer theta1 theta2
 12.0 0.2943 0.5659       2 rises  1.24 0.707     2           2  0.358  0.358
 22.0 0.1142 0.5446       5 rises  1.18 0.885     3           1  0.389  0.380
 22.8 0.1450 0.8312       9 falls  1.26 1.096     5           5  0.379  0.382
 35.1 0.1388 0.5836       5 rises  1.16 0.855     3           1  0.384  0.373
 36.1 0.1043 0.4388       5 falls  1.11 1.038     5           5  0.388  0.389
 37.1 0.0882 0.0962       1 rises  1.16 0.478     2           1  0.395  0.395
 37.2 0.1158 0.3543       4 rises  1.25 0.794     3           1  0.389  0.373
 x_soil crossed
  0.357       0
  0.600       0
  0.442       0
  0.555       0
  0.505       0
  0.618       0
  0.600       0

== base_3e-5: 28 of 1241 with the chain alone <= 1.1
    t0      h  since n_since  after ratio chain layer chain_layer theta1 theta2
  3.01 0.1287 0.1981       2  rises  1.20 1.042     3           3  0.386  0.372
  7.06 0.3716 0.6174       2 starts  1.13 0.953     2           2  0.306  0.301
  7.06 0.1806 0.5904       4  rises  1.20 0.941     3           2  0.377  0.369
 11.85 0.0979 0.6439       9  falls  1.13 1.046     5           5  0.387  0.390
 12.06 0.1116 0.1116       1  rises  1.63 0.883     2           2  0.388  0.388
 12.34 0.1112 0.1688       2  falls  1.35 0.791     3           3  0.390  0.378
 13.32 0.0974 0.4148       5  stops  1.13 1.070     5           5  0.388  0.390
 13.89 0.1883 0.3449       2  rises  1.12 1.065     2           2  0.355  0.355
 14.13 0.1321 0.2296       2  rises  1.21 0.903     3           1  0.385  0.377
 20.16 0.4671 0.4671       1  rises  1.36 1.070     2           2  0.339  0.337
 21.24 0.1872 0.7350       5  falls  1.11 0.721     3           3  0.375  0.367
 21.86 0.3525 0.3525       1  rises  1.17 0.869     2           2  0.353  0.354
 22.81 0.3511 0.6285       2 starts  1.20 1.064     1           1  0.325  0.319
 24.78 0.1303 0.3090       3  rises  1.24 0.824     3           1  0.386  0.370
 27.04 0.1373 0.5185       5  rises  1.26 0.867     3           1  0.385  0.375
 28.83 0.0887 0.3783       5  falls  1.13 0.994     5           5  0.395  0.395
 28.92 0.1215 0.1215       1  rises  1.52 0.834     3           3  0.388  0.380
 28.95 0.1176 0.8824       6  rises  1.15 1.059     3           1  0.388  0.381
 29.00 0.1443 0.6730       6  falls  1.14 1.038     5           5  0.376  0.379
 29.08 0.2118 0.5983       3 starts  1.10 1.070     2           2  0.292  0.269
 34.07 0.1942 0.5647       4  rises  1.46 0.692     3           3  0.375  0.366
 35.03 0.1294 0.5856       5  rises  1.37 1.085     3           1  0.387  0.381
 35.08 0.1350 0.6417       5  rises  1.15 0.783     3           1  0.385  0.378
 36.09 0.1320 0.6120       5  rises  1.38 0.881     3           3  0.387  0.381
 36.93 0.0769 0.2664       4  stops  1.11 1.014     5           5  0.397  0.398
 37.08 0.1010 0.0946       1  rises  2.59 1.070     2           1  0.395  0.395
 37.20 0.1220 0.3539       4  rises  1.66 1.070     3           1  0.389  0.373
 39.18 0.2485 0.1729       1  rises  1.10 1.058     1           1  0.312  0.278
 x_soil crossed
 0.5536       0
 0.0605       0
 0.5052       0
 0.4315       0
 0.5399       0
 0.5883       0
 0.4654       0
 0.2382       0
 0.5651       0
 0.2413       0
 0.4876       0
 0.3319       0
 0.1518       0
 0.5824       0
 0.5716       0
 0.5970       0
 0.5968       0
 0.5910       0
 0.3682       0
 0.0363       0
 0.5020       0
 0.5969       0
 0.5542       0
 0.5990       0
 0.6006       0
 0.7068       0
 0.6318       0
 0.0612       0
