                     run     J        err steps rejected     leaf sub_leaf leaf_vs_mono3e5 uptake_at soil_rates
       defect_1e-6_s3e-5 12.70  2.754e-03 10675     3262  4711042        0          0.6670  31320758     465474
       defect_3e-5_s1e-6 12.82  1.155e-02  6046     1452  2499193        0          0.3538  21685502     342378
       defect_3e-5_s3e-5 12.82  1.156e-02  6044     1430  2493283        0          0.3530  18063590     276366
 defect_3e-5_s3e-5_hmax1 12.67  4.017e-04 16335      671  5570746        0          0.7887  35641130     539256
        exact_3e-5_s3e-5 12.83  1.253e-02  6141     1468  2528315 17963369          2.9011         0     280542
       exactx_1e-5_s3e-5 12.67 -2.207e-04  7163     1786  2988238 20641660          3.3454         0     319194
       exactx_3e-5_s3e-5 12.66 -2.995e-04  6133     1470  2533271 17989991          2.9056         0     280260
  exactx_3e-5_s3e-5_sw05 12.67 -2.546e-04 13907     1348 12640919 78610379         12.9190         0    1091970
  frozen_pc1d_3e-5_+1e-5 12.67 -9.424e-05     0        0  3724799        0          0.5273  39252050     450528
  frozen_pc1d_3e-5_-1e-5 12.67  5.447e-06     0        0  3724799        0          0.5273  39252050     450528
      frozen_pc1d_3e-5_0 12.67 -4.441e-05     0        0  3724799        0          0.5273  39252050     450528
         held_1e-6_s3e-5 13.61  7.402e-02 10703     3241  4714690        0          0.6675  31334792     465546
         held_3e-5_s3e-5 14.39  1.358e-01  6076     1460  2511025        0          0.3555  18161987     278022
   held_3e-5_s3e-5_hmax1 12.96  2.275e-02 16349      677  5573806        0          0.7891  35665370     539946
          pc1_3e-5_s3e-5 12.77  7.957e-03  6125     1454  4612618        0          0.6530  48623856     559044
         pc1d_1e-5_s3e-5 12.67 -1.398e-04  7142     1797  5473834        0          0.7750  55896650     637848
         pc1d_3e-5_s3e-5 12.67 -4.441e-05  6121     1465  4629764        0          0.6555  48763281     559302
    pc1d_3e-5_s3e-5_sw05 12.67 -1.582e-04 13874     1341 23065151        0          3.2655 208766388    2177802
          pc2_3e-5_s3e-5 12.67 -2.133e-04  6138     1467  6726535        0          0.9523  79234328     840756
  replay_defect_mono3e-5 12.76  7.275e-03     0        0  5780916        0          0.8184  35286960     530532
   replay_exact_mono3e-5 12.77  7.986e-03     0        0  5780916 34650324          5.7241         0     530532
    replay_held_mono3e-5 14.08  1.111e-01     0        0  5780916        0          0.8184  35286960     530532
        stage_3e-5_s3e-5 13.17  3.935e-02  6200     1443  2538643        0          0.3594  19625247     281352
     stagelin_3e-5_s3e-5 12.84  1.322e-02  6125     1440  2515991        0          0.3562  18220820     279324
    stagelind_1e-4_s3e-5 12.68  5.602e-04  5294     1116  2119715        0          0.3001  15886490     245916
    stagelind_1e-5_s3e-5 12.67 -2.447e-04  7148     1807  2991002        0          0.4235  21038962     319506
    stagelind_1e-6_s3e-5 12.66 -4.925e-04 10750     3292  4742680        0          0.6714  31517366     468642
    stagelind_3e-5_s1e-6 12.67  1.228e-04  6130     1484  2525845        0          0.3576  21869025     346086
    stagelind_3e-5_s3e-5 12.67  1.135e-04  6137     1496  2531941        0          0.3585  18317793     281322
    stagelind_3e-6_s3e-5 12.66 -3.399e-04  8711     2342  3712300        0          0.5256  25334324     380724
               mono_1e-3 12.66 -3.974e-04 11001     2386  4362846        0          0.6177         0          0
               mono_1e-4 12.67  3.660e-05 14845     3382  5948875        0          0.8422         0          0
          mono_1e-5_docs 12.67  5.197e-06 21106     4624  8421474        0          1.1923         0          0
               mono_3e-4 12.67  3.288e-06 12759     2850  5098073        0          0.7218         0          0
               mono_3e-5 12.67 -1.255e-05 17684     3912  7063344        0          1.0000         0          0
   mono_3e-5_uptake0.999 12.70  2.178e-03 17679     3910  7061184        0          0.9997         0          0
